94.0 27.42640687119287 27.42640687119287 0.0
93.0 27.42640687119287 27.42640687119287 0.0
92.0 27.42640687119287 27.42640687119287 0.0
91.0 27.42640687119287 27.42640687119287 0.0
90.0 27.42640687119287 27.42640687119287 0.0
89.0 27.42640687119287 27.42640687119287 0.0
88.0 27.42640687119287 27.42640687119287 0.0
87.0 27.42640687119287 27.42640687119287 0.0
86.0 27.42640687119285 27.42640687119285 0.0
85.0 27.42640687119285 27.42640687119285 0.0
84.0 27.42640687119285 27.42640687119285 0.0
83.0 27.42640687119285 27.42640687119285 0.0
82.0 27.42640687119285 27.42640687119285 0.0
81.0 27.42640687119285 27.42640687119285 0.0
80.0 27.42640687119285 27.42640687119285 0.0
79.0 27.42640687119285 27.42640687119285 0.0
78.0 27.42640687119285 27.42640687119285 0.0
77.0 27.42640687119285 27.42640687119285 0.0
76.0 27.42640687119285 27.42640687119285 0.0
75.0 27.42640687119285 27.42640687119285 0.0
74.0 110.86500705120545 27.42640687119285 0.0
73.0278509575897 194.36778007447475 28.001749966108658 -11.499999999999998
72.09486670111042 190.92065574220823 28.802837304045717 -15.0
71.1872131618172 187.6214892398216 29.671931342926236 -15.0
70.3044005927736 184.461443825827 30.613482936824642 -15.0
69.44597512877132 181.43239200896298 31.632396045591786 -15.0
68.61151784850524 178.52684662913146 32.734084231514295 -15.0
67.80064395933074 175.73789985803347 33.924535928722385 -15.0
67.01300210134164 173.0591690797026 35.21039011115037 -15.0
66.23908817459129 170.5611896645956 36.56008082035868 -14.5
65.4862623908869 168.1553266852001 38.01471641617608 -14.499999999999998
64.74375503334853 165.90656198341904 39.538467303845735 -14.0
64.02038382536202 163.7351347257337 41.177921598018436 -14.000000000000002
63.31595109786674 161.63744731106425 42.94256850238564 -14.0
62.617850198160355 159.6706313073327 44.789176525859325 -13.500000000000002
61.9369431648184 157.76605109611637 46.77474582083232 -13.5
61.25949196395264 155.97632833717546 48.84962702220585 -12.999999999999998
60.59761726159878 154.23926205187178 51.07902931987753 -13.0
59.93651028788966 152.60333438654814 53.405704090522015 -12.5
59.289469862863555 151.01202784150067 55.904451461699196 -12.499999999999998
58.65641340496388 149.4636762110962 58.5910333678634 -12.500000000000002
58.02098462298463 148.00093071506694 61.39483066794881 -12.000000000000002
57.39814480019912 146.57464549503487 60.132369314211324 -12.000000000000002
56.787839987399565 145.18356289157748 58.647003117389545 -12.000000000000002
56.190028510949645 143.8264873744076 57.19928747263687 -11.999999999999998
55.60468117732411 142.50228195229204 55.78798442555257 -11.999999999999998
55.03178151444679 141.2098648373597 54.41191678828247 -12.0
54.471326051829585 139.94820634343685 53.06996474697773 -12.0
53.92332464177198 138.71632599991213 51.76106270595865 -12.000000000000002
53.38780082416102 137.5132898643088 50.484196350156985 -12.000000000000002
52.86479223772025 136.33820801825505 49.2383999090665 -12.0
52.35435108089715 135.19023223289898 48.02275360692502 -11.999999999999998
51.85654462595434 134.06855379104562 46.83638128519733 -11.999999999999998
51.37145579024668 132.97240145440122 45.67844818464667 -12.000000000000002
50.89918376913105 131.9010395653139 44.54815887538447 -12.000000000000002
50.4398447354706 130.85376627330865 43.44475532428659 -12.000000000000002
49.99357261127174 129.82991187754 42.367515090068956 -12.000000000000004
50.06522736425852 128.4921154287772 41.218082946092274 -22.0
49.66402560843534 127.5292296206353 40.20842233710724 -12.000000000000002
49.8196779026448 126.32162881094409 39.15319358119457 -21.999999999999986
50.03800573222253 125.19328295393726 38.15423328517369 -22.0
49.721300744900965 124.32189528173348 37.24699878328777 -11.999999999999996
50.035569447687394 123.31302580927662 36.332950522460806 -22.000000000000004
49.77446855746247 122.49344261201298 35.48439861549562 -12.000000000000002
50.19376553324852 121.59873399469932 34.65050007930916 -21.99999999999999
49.99384748745488 120.82836830655145 33.85807895008945 -11.999999999999998
50.52931065742052 120.04339808499354 33.10027222352783 -22.0
50.397416810283055 119.32009924043689 32.361843115594 -12.000000000000002
50.2877228841426 118.61320492555531 31.64229130057543 -12.000000000000002
50.201096093566775 117.92243178075333 30.94132678127391 -12.000000000000002
50.13847539222921 117.24751205773401 30.258677544147055 -12.000000000000002
50.10087782670931 116.58819320469942 29.594089137480548 -12.000000000000002
50.0894056132061 115.94423748710366 28.947324290660347 -11.999999999999998
50.10525403337099 115.3154216427478 28.31816257333385 -12.000000000000002
50.14972026045091 114.701536570154 27.70640009342123 -11.999999999999998
50.2242132446003 114.10238704929851 27.111849233104977 -12.000000000000002
50.33026480709739 113.51779149392108 26.534338422089284 -12.000000000000002
50.46954211796546 112.94758173476387 25.973711947579414 -12.000000000000002
50.64386176096004 112.39160283322259 25.4298298005902 -12.000000000000004
50.8552056250582 111.84971292502412 24.902567558348217 -12.0
51.10573890373503 111.32178309367248 24.39181630271044 -11.999999999999996
51.3978305339969 110.80769727353433 23.89748257467884 -12.0
51.734076468340454 106.66225215972405 23.41948836525246 -12.0
52.05820110202334 101.38400112555946 22.952423310262 -11.5
52.42742234552997 96.73245324425395 22.500625594663735 -11.5
52.78151905002104 92.87063149193928 22.058308614721067 -10.999999999999998
53.18154167900698 89.390509454054 21.63026723431042 -11.0
53.63053404483039 86.2333682573614 21.216490075486465 -11.000000000000004
121.62387373245245 83.565941385908 20.810650140253887 -10.500000000000002
119.7031492883846 81.10664861707107 20.418172302359988 -10.5
117.82151392056475 78.82877600390268 20.03907383956941 -10.500000000000002
115.97763496933821 76.7099755194991 19.673382600385306 -10.500000000000004
114.1702386374402 74.73140732703438 19.321137194994197 -10.499999999999998
112.43309877467428 73.03073767069391 18.975166872349817 -9.999999999999998
110.72723635811963 71.4248448834136 18.641846788917718 -10.000000000000002
109.05166589403211 69.90407444649689 18.321236769119132 -10.0
107.40544141090554 68.46002611530898 18.01340654228586 -9.999999999999998
105.78765446377878 67.08535611393874 17.718435993860535 -9.999999999999998
104.19743225726762 65.77361561157801 17.43641543941877 -10.0
102.63393587912391 64.51911794663393 17.167445922739674 -10.0
101.09635863676311 63.31682880101245 16.91163953926437 -10.0
99.6081118804915 62.26465552026723 16.660556850815667 -9.5
98.14214519357226 61.24865440452996 16.421959308990356 -9.500000000000002
96.69782477473146 60.26599834500501 16.195973304106083 -9.5
95.27453883096005 59.31413685619585 15.982735756868866 -9.5
93.87169658676851 58.39076273190223 15.782394490080184 -9.5
92.48872734508836 57.493783405424644 15.595108627524969 -9.499999999999998
91.12507959665297 56.62129625728602 15.421049021772657 -9.5
89.78022017490629 55.771567249756465 15.260398712771394 -9.500000000000002
88.4536334536903 54.94301237655486 15.113353419278347 -9.5
87.14482058514702 54.134181504087074 14.980122065347022 -9.5
85.85329877544164 53.34374425190093 14.860927344284336 -9.5
84.5786005960735 52.570477618127576 14.75600632270434 -9.499999999999998
83.33274015275917 51.87730383547486 14.654886747687826 -9.0
82.10134167752466 51.19579781718642 14.567480621414658 -8.999999999999998
80.88402991943381 50.52523372762506 14.494034082328605 -9.0
79.6804402620516 49.864936375561484 14.434807522664345 -8.999999999999998
78.4902182959077 49.21427667825169 14.390076251891617 -8.999999999999998
77.31301940951363 48.57266760052103 14.360131205510891 -9.000000000000002
76.14850839792744 47.93956051169486 14.345279702541493 -9.0
74.99635908791807 47.31444191093702 14.345846255343242 -9.000000000000002
73.85625397883652 46.696830478129705 14.362173435734892 -9.000000000000002
72.72788389835063 46.08627441303149 14.394622801732671 -9.0
71.61094767224816 45.48234903024148 14.44357588962545 -9.0
70.50515180755703 44.884654581610086 14.509435276538413 -8.999999999999998
69.41021018827212 44.292814281268114 14.592625719116603 -9.000000000000002
68.32584378301657 43.70647251149361 14.693595374490473 -9.000000000000002
67.25178036400189 43.12529319026673 14.812817110271684 -9.000000000000004
66.19040323101778 42.5884199699979 14.936108765255549 -8.499999999999998
65.13780943956978 42.05459701988563 15.077195535302332 -8.5
64.0937739196883 41.52361827266683 104.71057655180736 -8.499999999999998
63.18373191195563 42.459331209356925 104.97506860346869 10.999999999999998
62.28543862035457 43.45222519168859 105.26866501292933 10.999999999999998
61.39864089327508 44.505275857027065 105.59281020241636 11.0
60.523094062470264 45.62169142319192 105.94906357500622 11.000000000000002
59.658561668884474 46.80493509202275 106.33911054608843 11.0
58.80481520307914 48.058750114858924 106.76477488710573 11.0
57.96163385965437 49.387187895525145 107.22803256667783 11.0
57.12022343921301 50.74223336306989 107.6296914276816 10.500000000000004
56.28797489701379 52.17489379714647 108.06706664435124 10.499999999999998
55.464700200531716 53.689736266738485 108.54219260108229 10.5
54.65021685057039 55.291714409188145 109.05727782518018 10.500000000000002
53.84434771571377 56.98620951944257 109.61472346060488 10.5
53.0469208747878 58.779077011278645 110.2171441582022 10.500000000000002
52.25776946703885 60.676699087478404 110.8673917588807 10.5
51.47673154975905 59.777770439047636 111.56858221476469 10.5
50.70364996310897 58.15206664468741 112.3241262763023 10.499999999999998
49.93837220190805 56.56311458864864 113.1377645740614 10.500000000000004
49.44552090798892 54.64180674078245 116.83679720213392 20.499999999999993
49.00222796760228 52.7966849917299 121.12231673375275 20.99999999999999
48.61157138554149 51.027316238369686 126.10799621155576 21.499999999999996
48.27692391954099 49.33320524284976 131.93950754930225 21.99999999999999
47.96684641169121 47.73488106575935 138.38462929754834 21.500000000000014
47.69769882417224 46.21442842268686 145.77040812992723 21.499999999999993
47.470477860017766 44.7678338459655 147.00062838554118 21.500000000000014
47.28635635886331 43.391431106691186 145.24062738501323 21.50000000000001
47.146698159220676 42.081870330129696 143.58210029741088 21.499999999999993
47.05307540823146 40.836090761164144 142.0207898384223 21.499999999999986
47.007288695694584 39.65129672667107 140.55283391318466 21.50000000000001
47.011390465527896 38.52493640894089 139.17473544638847 21.50000000000001
47.0677122510586 37.45468310097382 137.88333587673105 21.499999999999993
47.178896394998404 36.43841866255254 136.67579191268376 21.499999999999986
47.34793305625527 35.47421893692774 135.54955520668108 21.499999999999986
47.57820348114397 34.56034092299492 134.50235465649519 21.500000000000007
47.87353073557437 33.69521152801351 133.5321810872336 21.500000000000007
48.23823936989076 32.877417752059664 132.6372741063185 21.49999999999999
48.6772258357087 32.1056981782266 131.81611095803015 21.500000000000007
49.2326034263903 31.380788358635346 131.06788371501708 22.00000000000001
49.87874523489899 30.70138470179389 130.39462652511068 22.0
50.62343146700552 30.066609755321306 129.79545044560842 22.000000000000014
50.657541608947845 29.419222825482993 129.16013186696696 12.5
50.72213794922728 28.790613645927433 128.54444571861848 12.499999999999998
50.818744149827516 28.18056118394175 127.94817822623594 12.5
50.949019814816225 27.58886324242833 127.37113536985323 12.5
51.114774560444324 27.01533619618962 126.81314263745027 12.500000000000002
51.31798391360461 26.459814774332802 126.27404482713494 12.500000000000002
51.56080731994494 25.92215188832299 125.75370589753925 12.5
51.84560859359615 25.402218505425793 124.27379311099304 12.5
52.22964051358279 24.90469990701776 114.92719624303906 13.0
52.665901171416195 24.42573365681528 107.13620274510951 12.999999999999998
53.09909135368154 23.959891349666204 100.88008321398743 12.5
53.52560576341064 23.505884591173132 95.77925279150524 12.0
53.94159718922203 23.06248114941009 91.57181359883548 11.500000000000004
54.40834482956001 22.634444987413016 87.81510855715186 11.499999999999998
54.861548084751824 22.21559265070168 84.66868283764326 10.999999999999996
55.366819849493645 21.811145661411196 81.80397688393418 10.999999999999998
55.92777585222048 21.42111246680784 79.18066711018301 10.999999999999996
56.47291954238613 21.0387577179929 76.95148475126156 10.5
57.0752619318429 20.66993879770804 74.8802253294884 10.500000000000004
57.73893611697346 20.314691818821128 72.947846040443 10.499999999999998
58.4685090195003 19.97306391003234 71.1382299885631 10.500000000000004
59.269038904498544 19.64511344912105 69.43764426537754 10.499999999999998
60.054514984138876 19.32323381515051 67.97060740505046 10.0
60.91368320120657 19.01425427772161 66.57762260774943 10.0
61.85242746774151 18.718253710129872 65.2515138728897 10.0
62.87730000599259 18.435321455955478 63.98598982780848 9.999999999999996
63.99561810111948 18.16555762399499 62.775510996187336 10.0
65.21557818064232 17.909073408460138 61.61518026122089 10.0
66.54639095139184 17.665991435885406 60.50065192825322 9.999999999999998
67.99844227191723 17.43644614031661 59.428055803422126 10.0
69.45062320854481 17.211488866180634 58.48655382942793 9.5
71.03276513958116 16.999402777973824 57.573959353522724 9.500000000000002
72.7576492183169 16.8003362098011 56.68808624776996 9.500000000000002
74.63981580952219 16.614448852200212 55.82695303550496 9.5
76.69587688342732 16.44191217939139 54.98875918716302 9.499999999999996
78.94489744543408 16.28290990727031 54.171864630889765 9.500000000000002
81.40886448032064 16.137638484173443 53.37477198033401 9.500000000000002
84.11326776727287 16.006307616623037 52.59611106813674 9.5
87.08782498989267 15.889140832448422 51.83462544333485 9.499999999999998
90.36739476946711 15.786376083892575 51.08916054759275 9.500000000000004
93.9931370060423 15.698266393541214 50.35865333150597 9.500000000000002
96.65042174578677 15.62508054616407 49.642123110247105 9.500000000000002
95.3829249588199 15.567103829834696 48.93866348917292 9.500000000000002
94.14455865810663 15.51292971291431 48.30414902372696 9.0
92.92130804469268 15.473424199106361 47.67831888708249 8.999999999999998
91.71280930348655 15.448881964322036 47.06063442712674 9.000000000000002
90.51870912785115 15.439614234746553 46.45059214831841 9.0
89.33866431864578 15.445949603704225 45.84772070398858 9.0
88.1723414007021 15.468234905222596 45.25157818828408 9.0
87.01941625582629 15.50683614864203 44.66174969337212 9.000000000000002
85.87957377147013 15.56213951901265 44.0778451019561 9.0
84.75250750426318 15.634552448456994 43.499497088952886 9.000000000000002
83.63791935764371 15.724504764158626 42.926359309446624 9.0
82.5355192728694 15.832449919168388 42.358104752848995 8.999999999999998
81.44502493272745 15.95886631280929 41.79442424562455 8.999999999999995
80.36958761675997 16.089061952019982 41.2737107573647 8.499999999999998
79.30435018528664 16.237256232620165 40.7555598128451 8.5
78.24908129950067 16.40393551547933 40.23978473410414 8.500000000000002
77.2035549992677 16.589611742114798 39.72620723666865 8.500000000000002
76.16755051150531 16.794823892597645 39.21465684002735 8.5
75.14085206532026 17.020139549732296 38.70497032391842 8.499999999999998
74.12324871357421 17.266156578483127 38.196991226239724 8.500000000000002
73.114534160565 17.533504930502193 37.690569378819596 8.499999999999998
72.11450659552402 17.82284858459405 37.18556047766766 8.499999999999996
71.12296853164472 18.134887635045327 36.681825684661455 8.5
70.13972665036866 18.470360540962773 36.17923125792741 8.5
69.16230323779077 18.809744293003057 35.705593115996464 7.9999999999999964
68.19189540026966 19.172106030048777 35.2320189185987 7.999999999999998
67.22834101173805 19.558192511623545 34.75842651688725 8.0
66.27148076225014 19.968790315170104 34.28473587462333 8.0
65.32115805197253 20.404728339151404 33.81086892458408 7.999999999999998
64.37721888783933 20.86688050119492 33.33674943363969 8.000000000000002
63.439511782726306 21.356168649131707 32.86230287582857 8.0
62.51300298897308 21.89867891996828 32.36464878218331 8.500000000000002
61.598843404821146 22.49897991814478 31.84511878275522 8.999999999999998
60.59884340482115 22.651495886869675 31.71966249889616 0.0
59.59884340482115 22.804011855594542 31.594206215037097 0.0
58.59884340482116 22.956527824319416 31.46874993117803 0.0
57.598843404821146 23.109043793044307 31.343293647318966 0.0
56.598843404821146 23.2615597617692 31.217837363459903 0.0
55.59884340482115 23.414075730494073 31.092381079600838 0.0
54.59884340482115 23.566591699218943 30.966924795741782 0.0
53.598843404821174 23.719107667943835 30.84146851188272 0.0
52.598843404821174 23.87162363666872 30.716012228023654 0.0
51.598843404821174 24.0241396053936 30.59055594416459 0.0
50.59884340482117 24.17665557411848 30.465099660305526 0.0
49.59884340482117 24.329171542843362 30.33964337644646 0.0
48.598843404821174 24.481687511568254 30.214187092587405 0.0
47.59884340482118 24.634203480293127 30.088730808728343 0.0
46.59884340482118 24.786719449017998 29.963274524869277 0.0
45.59884340482118 24.939235417742886 29.83781824101021 0.0
44.598843404821196 25.09175138646778 29.71236195715115 0.0
94.0 27.42640687119287 27.42640687119287 0.0
93.0 27.42640687119287 27.42640687119287 0.0
92.0 27.42640687119287 27.42640687119287 0.0
91.0 27.42640687119287 27.42640687119287 0.0
90.0 27.42640687119287 27.42640687119287 0.0
89.0 27.42640687119287 27.42640687119287 0.0
88.0 27.42640687119287 27.42640687119287 0.0
87.0 27.42640687119287 27.42640687119287 0.0
86.0 27.42640687119285 27.42640687119285 0.0
85.0 27.42640687119285 27.42640687119285 0.0
84.0 27.42640687119285 27.42640687119285 0.0
83.0 27.42640687119285 27.42640687119285 0.0
82.0 27.42640687119285 27.42640687119285 0.0
81.0 27.42640687119285 27.42640687119285 0.0
80.0 27.42640687119285 27.42640687119285 0.0
79.0 27.42640687119285 27.42640687119285 0.0
78.0 27.42640687119285 27.42640687119285 0.0
77.0 27.42640687119285 27.42640687119285 0.0
76.0 27.42640687119285 27.42640687119285 0.0
75.0 27.42640687119285 27.42640687119285 0.0
74.0 110.86500705120545 27.42640687119285 0.0
73.0278509575897 194.36778007447475 28.001749966108658 -11.499999999999998
72.09486670111042 190.92065574220823 28.802837304045717 -15.0
71.1872131618172 187.6214892398216 29.671931342926236 -15.0
70.3044005927736 184.461443825827 30.613482936824642 -15.0
69.44597512877132 181.43239200896298 31.632396045591786 -15.0
68.61151784850524 178.52684662913146 32.734084231514295 -15.0
67.80064395933074 175.73789985803347 33.924535928722385 -15.0
67.01300210134164 173.0591690797026 35.21039011115037 -15.0
66.23908817459129 170.5611896645956 36.56008082035868 -14.5
65.4862623908869 168.1553266852001 38.01471641617608 -14.499999999999998
64.74375503334853 165.90656198341904 39.538467303845735 -14.0
64.02038382536202 163.7351347257337 41.177921598018436 -14.000000000000002
63.31595109786674 161.63744731106425 42.94256850238564 -14.0
62.617850198160355 159.6706313073327 44.789176525859325 -13.500000000000002
61.9369431648184 157.76605109611637 46.77474582083232 -13.5
61.25949196395264 155.97632833717546 48.84962702220585 -12.999999999999998
60.59761726159878 154.23926205187178 51.07902931987753 -13.0
59.93651028788966 152.60333438654814 53.405704090522015 -12.5
59.289469862863555 151.01202784150067 55.904451461699196 -12.499999999999998
58.65641340496388 149.4636762110962 58.5910333678634 -12.500000000000002
58.02098462298463 148.00093071506694 61.39483066794881 -12.000000000000002
57.39814480019912 146.57464549503487 60.132369314211324 -12.000000000000002
94.0 27.42640687119287 27.42640687119287 0.0
93.0 27.42640687119287 27.42640687119287 0.0
92.0 27.42640687119287 27.42640687119287 0.0
91.0 27.42640687119287 27.42640687119287 0.0
90.0 27.42640687119287 27.42640687119287 0.0
89.0 27.42640687119287 27.42640687119287 0.0
88.0 27.42640687119287 27.42640687119287 0.0
87.0 27.42640687119287 27.42640687119287 0.0
86.0 27.42640687119285 27.42640687119285 0.0
85.0 27.42640687119285 27.42640687119285 0.0
84.0 27.42640687119285 27.42640687119285 0.0
83.0 27.42640687119285 27.42640687119285 0.0
82.0 27.42640687119285 27.42640687119285 0.0
81.0 27.42640687119285 27.42640687119285 0.0
80.0 27.42640687119285 27.42640687119285 0.0
79.0 27.42640687119285 27.42640687119285 0.0
78.0 27.42640687119285 27.42640687119285 0.0
77.0 27.42640687119285 27.42640687119285 0.0
76.0 27.42640687119285 27.42640687119285 0.0
75.0 27.42640687119285 27.42640687119285 0.0
74.0 110.86500705120545 27.42640687119285 0.0
73.0278509575897 194.36778007447475 28.001749966108658 -11.499999999999998
72.09486670111042 190.92065574220823 28.802837304045717 -15.0
71.1872131618172 187.6214892398216 29.671931342926236 -15.0
70.3044005927736 184.461443825827 30.613482936824642 -15.0
69.44597512877132 181.43239200896298 31.632396045591786 -15.0
68.61151784850524 178.52684662913146 32.734084231514295 -15.0
67.80064395933074 175.73789985803347 33.924535928722385 -15.0
67.01300210134164 173.0591690797026 35.21039011115037 -15.0
66.23908817459129 170.5611896645956 36.56008082035868 -14.5
